{
 "cells": [
  {
   "cell_type": "code",
   "execution_count": 1,
   "metadata": {},
   "outputs": [
    {
     "name": "stderr",
     "output_type": "stream",
     "text": [
      "c:\\Users\\farra\\anaconda3\\envs\\eeg_env\\lib\\site-packages\\stingray\\utils.py:54: UserWarning: Numba not installed. Faking it\n",
      "  warnings.warn(\"Numba not installed. Faking it\")\n"
     ]
    }
   ],
   "source": [
    "# Importing necessary library\n",
    "import numpy as np\n",
    "import matplotlib.pyplot as plt\n",
    "import pywt\n",
    "import pandas as pd\n",
    "import os\n",
    "import time\n",
    "from scipy import signal\n",
    "from stingray import lightcurve\n",
    "import sys\n",
    "from stingray import Bispectrum\n",
    "import warnings\n",
    "import csv\n",
    "warnings.filterwarnings('ignore')\n",
    "%matplotlib inline"
   ]
  },
  {
   "cell_type": "code",
   "execution_count": 2,
   "metadata": {},
   "outputs": [],
   "source": [
    "# file that will be skipped because of information loss\n",
    "# zeros_test = ['co2a0000368_91.csv', 'co2c0000341_26.csv']\n",
    "# zeros_train = ['co2a0000368_0.csv', 'co2a0000368_1.csv', 'co2a0000368_2.csv', 'co2a0000368_3.csv', 'co2a0000368_4.csv', 'co2a0000368_5.csv', 'co2c0000341_27.csv']"
   ]
  },
  {
   "attachments": {},
   "cell_type": "markdown",
   "metadata": {},
   "source": [
    "### Menghitung Matriks Cumulant orde ke-3"
   ]
  },
  {
   "cell_type": "code",
   "execution_count": 3,
   "metadata": {},
   "outputs": [],
   "source": [
    "def calcCumulantOrde3(df_data, t, lag):\n",
    "    # Compute the bispectrum of the signal\n",
    "    lc = lightcurve.Lightcurve(t,df_data)\n",
    "    bs = Bispectrum(lc, maxlag=lag)\n",
    "\n",
    "    # Plot the bispectrum using contour plots\n",
    "    # plt.contour(bs.freq, bs.freq, bs.bispec_mag)\n",
    "    # plt.xlabel('f1')\n",
    "    # plt.ylabel('f2')\n",
    "    # plt.show()\n",
    "\n",
    "    # # Plot the bispectrum using mesh plots\n",
    "    # fig = plt.figure()\n",
    "    # ax = fig.add_subplot(111, projection='3d')\n",
    "    # X, Y = np.meshgrid(bs.freq, bs.freq)\n",
    "    # ax.plot_surface(X, Y, bs.bispec_mag)\n",
    "    # ax.set_xlabel('f1')\n",
    "    # ax.set_ylabel('f2')\n",
    "    # ax.set_zlabel('Bispectrum')\n",
    "    # plt.show()\n",
    "\n",
    "    return bs"
   ]
  },
  {
   "attachments": {},
   "cell_type": "markdown",
   "metadata": {},
   "source": [
    "### Melakukan dekomposisi wavelet"
   ]
  },
  {
   "cell_type": "code",
   "execution_count": 4,
   "metadata": {},
   "outputs": [],
   "source": [
    "def calcWaveletDec(bs):\n",
    "    # Select wavelet and decomposition level\n",
    "    wavelet = 'db4'\n",
    "    level = 5\n",
    "\n",
    "    # Deecompose signal\n",
    "    coeffs = pywt.wavedec2(bs.cum3, wavelet, level=level)\n",
    "\n",
    "    # print(coeffs)\n",
    "    # Visualize\n",
    "    \n",
    "    cA5 = coeffs[0][np.triu(np.ones_like(coeffs[0], dtype=bool))]\n",
    "    cD5 = np.ravel([coeffs[1][0], coeffs[1][1], coeffs[1][2]])\n",
    "    cD4 = np.ravel([coeffs[2][0], coeffs[2][1], coeffs[2][2]])\n",
    "    cD3 = np.ravel([coeffs[3][0], coeffs[3][1], coeffs[3][2]])\n",
    "    cD2 = np.ravel([coeffs[4][0], coeffs[4][1], coeffs[4][2]])\n",
    "    cD1 = np.ravel([coeffs[5][0], coeffs[5][1], coeffs[5][2]])\n",
    "    \n",
    "    coeff = [cA5,cD5,cD4,cD3,cD2,cD1]\n",
    "    # fig, axs = plt.subplots(6)\n",
    "    \n",
    "    \n",
    "    # axs[0].plot(cA5)\n",
    "    # axs[0].set_title(f'Approximation - Level 5')\n",
    "    # axs[1].plot(cD5)\n",
    "    # axs[1].set_title(f'Detail - Level 5')\n",
    "    # axs[2].plot(cD4)\n",
    "    # axs[2].set_title(f'Detail - Level 4')\n",
    "    # axs[3].plot(cD3)\n",
    "    # axs[3].set_title(f'Detail - Level 3')\n",
    "    # axs[4].plot(cD2)\n",
    "    # axs[4].set_title(f'Detail - Level 2')\n",
    "    # axs[5].plot(cD1)\n",
    "    # axs[5].set_title(f'Detail - Level 1')\n",
    "    # plt.show()\n",
    "\n",
    "    return coeffs\n"
   ]
  },
  {
   "attachments": {},
   "cell_type": "markdown",
   "metadata": {},
   "source": [
    "### Menghitung energi relatif"
   ]
  },
  {
   "cell_type": "code",
   "execution_count": 5,
   "metadata": {},
   "outputs": [],
   "source": [
    "def calcRelativeEnergy(coeffs, df_data):\n",
    "    # Calculate relative wavelet energy\n",
    "    energies = []\n",
    "    for c in coeffs:\n",
    "        energies.append(np.sum(np.square(c)))\n",
    "\n",
    "    decomp = ['A5', 'D1', 'D2', 'D3', 'D4', 'D5']\n",
    "\n",
    "    energies[1:6] = energies[-1:-6:-1]\n",
    "\n",
    "    total_energy = np.sum(energies)\n",
    "    relative_energies = [(e / total_energy) * 100 for e in energies]\n",
    "\n",
    "    # print(relative_energies)\n",
    "\n",
    "    # plt.plot(decomp, energies)\n",
    "    # plt.xlabel('Dimension Number')\n",
    "    # plt.ylabel('Wavelet Bispectrum Energy')\n",
    "    # plt.show()\n",
    "\n",
    "    # plt.plot(decomp, relative_energies)\n",
    "    # plt.xlabel('Dimension Number')\n",
    "    # plt.ylabel('Relative Wavelet Bispectrum Energy')\n",
    "    # plt.show()\n",
    "\n",
    "    return energies, relative_energies"
   ]
  },
  {
   "cell_type": "code",
   "execution_count": 6,
   "metadata": {},
   "outputs": [],
   "source": [
    "# Testing "
   ]
  },
  {
   "attachments": {},
   "cell_type": "markdown",
   "metadata": {},
   "source": [
    "### Persiapan data"
   ]
  },
  {
   "cell_type": "code",
   "execution_count": 7,
   "metadata": {},
   "outputs": [
    {
     "data": {
      "text/plain": [
       "(2560,)"
      ]
     },
     "execution_count": 7,
     "metadata": {},
     "output_type": "execute_result"
    }
   ],
   "source": [
    "# Define sampling frequency\n",
    "fs = 256\n",
    "t = np.arange(0, 1, 1/(fs*10))\n",
    "t.shape"
   ]
  },
  {
   "cell_type": "code",
   "execution_count": 8,
   "metadata": {},
   "outputs": [],
   "source": [
    "\n",
    "def get_csv_EEG(filename):\n",
    "    # Load data from CSV\n",
    "    df_data = pd.read_csv(filename)\n",
    "    return df_data, df_data.columns\n"
   ]
  },
  {
   "attachments": {},
   "cell_type": "markdown",
   "metadata": {},
   "source": [
    "### Perhitungan RWB"
   ]
  },
  {
   "cell_type": "code",
   "execution_count": 9,
   "metadata": {},
   "outputs": [],
   "source": [
    "def extract_feature(directory, lag, destination, segment_time=1):\n",
    "    fs = 256\n",
    "    t = np.arange(0, 1, 1/(fs * segment_time))\n",
    "\n",
    "    recap = pd.DataFrame(columns=['Wall Time', 'CPU Time'])\n",
    "    for foldername in os.listdir(directory):\n",
    "        folder = os.path.join(directory, foldername)\n",
    "        if os.path.isdir(folder):\n",
    "            des_dir = os.path.join(destination +\"_\" + str(lag), foldername).lower()\n",
    "            files = os.listdir(folder)\n",
    "            for filename in files:\n",
    "                # print(f\"Extract feature from {filename}...\")\n",
    "                cpu_start = time.process_time()\n",
    "                wt_start = time.time()\n",
    "                # if filename in zeros_train or filename in zeros_test:\n",
    "                #     continue\n",
    "                rel_path = os.path.join(directory, foldername, filename)\n",
    "                # if 'metadata' in filename.lower():\n",
    "                #     continue\n",
    "                # trial_number = filename.split('.')[0].split('_')[1]\n",
    "                df_data, channel_name = get_csv_EEG(rel_path)\n",
    "                des_file = foldername +'_'+ filename + '_bispectrum' +'.npy'\n",
    "                if not os.path.exists(des_dir):\n",
    "                    os.makedirs(des_dir)\n",
    "                des_path = os.path.join(des_dir, des_file)\n",
    "                if os.path.exists(des_path):\n",
    "                    continue\n",
    "                RWB = []\n",
    "                for channel in channel_name:\n",
    "                    y = df_data[channel]; # sinyal per channel\n",
    "                    # N = len(y);\n",
    "                    # z = y - np.mean(y);\n",
    "                    # nsamp = len (y[0])\n",
    "                    energies, relative_energies = calcRelativeEnergy(calcWaveletDec(calcCumulantOrde3(y, t, lag)), y)\n",
    "                    for x in relative_energies:\n",
    "                        RWB.append(x)\n",
    "                RWB = np.array(RWB)\n",
    "                np.save(des_path, RWB)\n",
    "                wt_end = time.time()\n",
    "                cpu_end = time.process_time()\n",
    "                wall_time = wt_end - wt_start\n",
    "                cpu_time = cpu_end - cpu_start\n",
    "                recap_temp = pd.DataFrame([[wall_time, cpu_time]],columns=recap.columns)\n",
    "                recap = pd.concat([recap, recap_temp], ignore_index=True)\n",
    "                # print(f\"CPU Time: {cpu_time}, Wall Time: {wall_time}\")\n",
    "                # pd.DataFrame(RWB.T).to_csv(des_path, index=False)\n",
    "    recap_dir = os.path.join('./logs/Execution',directory.split('/')[1])\n",
    "    if not os.path.exists(recap_dir):\n",
    "        os.makedirs(recap_dir)\n",
    "    recap_path = os.path.join(recap_dir,'recap_rwb'+str(lag)+'.csv')\n",
    "    recap.to_csv(recap_path)\n"
   ]
  },
  {
   "attachments": {},
   "cell_type": "markdown",
   "metadata": {},
   "source": [
    "### Mengecek nilai nol pada data"
   ]
  },
  {
   "cell_type": "code",
   "execution_count": 10,
   "metadata": {},
   "outputs": [],
   "source": [
    "def check_zeros(directory):\n",
    "    contain_zero = []\n",
    "    for foldername in os.listdir(directory):\n",
    "        folder = os.path.join(directory, foldername)\n",
    "        if os.path.isdir(folder):\n",
    "            files = os.listdir(folder)\n",
    "            for filename in files:\n",
    "                rel_path = os.path.join(directory, foldername, filename)\n",
    "                # if 'metadata' in filename.lower():\n",
    "                #     continue\n",
    "                df_data, channel_name = get_csv_EEG(rel_path)\n",
    "                for channel in channel_name:\n",
    "                    if (df_data[channel]== 0).all():\n",
    "                        contain_zero.append(filename)\n",
    "                        break\n",
    "    return contain_zero"
   ]
  },
  {
   "cell_type": "code",
   "execution_count": 11,
   "metadata": {},
   "outputs": [],
   "source": [
    "# check_zeros(os.path.join(directory_segmented, \"autism\"))"
   ]
  },
  {
   "attachments": {},
   "cell_type": "markdown",
   "metadata": {},
   "source": [
    "### Testing"
   ]
  },
  {
   "cell_type": "code",
   "execution_count": 12,
   "metadata": {},
   "outputs": [],
   "source": [
    "def get_dummy(directory, lag):\n",
    "    for foldername in os.listdir(directory):\n",
    "        folder = os.path.join(directory, foldername)\n",
    "        if os.path.isdir(folder):\n",
    "            # des_dir = os.path.join(directory.replace('CSV', 'FEATURE')+\"_\" + str(lag),foldername).lower()\n",
    "            files = os.listdir(folder)\n",
    "            for filename in files:\n",
    "                rel_path = os.path.join(directory, foldername, filename)\n",
    "                # if 'metadata' in filename.lower():\n",
    "                #     continue\n",
    "                # trial_number = filename.split('.')[0].split('_')[1]\n",
    "                print(rel_path)\n",
    "                df_data, channel_name = get_csv_EEG(rel_path)\n",
    "                RWB = []\n",
    "                return df_data[channel_name[0]]\n",
    "                # pd.DataFrame(RWB.T).to_csv(des_path, index=False)\n",
    "        \n"
   ]
  },
  {
   "cell_type": "code",
   "execution_count": 13,
   "metadata": {},
   "outputs": [
    {
     "name": "stdout",
     "output_type": "stream",
     "text": [
      "datasets/segmented_10 seconds/autism\\Bader\\segment_1.csv\n",
      "(257, 257)\n",
      "(257,)\n",
      "[array([[ -763146.18142324,  -765529.98199221,  -765080.52538881,\n",
      "         -762929.87991017,  -767861.85971488,  -764817.388678  ,\n",
      "         -706878.98443192,  -741322.45219129,  -909967.49069958,\n",
      "        -1006129.7588678 ,  -878077.60177067,  -609821.43534467,\n",
      "         -482087.04295435,  -368661.871242  ],\n",
      "       [ -765529.98199221,  -767972.58975877,  -767490.85534495,\n",
      "         -765314.61328633,  -770394.63744848,  -766881.45865741,\n",
      "         -708206.9921856 ,  -744982.03047656,  -911167.83007165,\n",
      "        -1009523.19234105,  -878812.76137597,  -609091.72374866,\n",
      "         -480645.58858628,  -370338.17545411],\n",
      "       [ -765080.52538881,  -767490.85534495,  -767039.49805127,\n",
      "         -764838.70435595,  -769993.41022548,  -766193.28884347,\n",
      "         -707613.00486664,  -743666.7321982 ,  -910488.09680586,\n",
      "        -1007919.72040926,  -878574.150217  ,  -609544.52310734,\n",
      "         -481144.00976801,  -369226.35559891],\n",
      "       [ -762929.87991017,  -765314.61328633,  -764838.70435595,\n",
      "         -762733.41303547,  -767579.79610639,  -764681.71231654,\n",
      "         -707568.34598817,  -739746.91272654,  -909947.2385711 ,\n",
      "        -1006840.63973641,  -877296.00589014,  -609530.83430794,\n",
      "         -481772.60353992,  -367962.61627267],\n",
      "       [ -767861.85971488,  -770394.63744848,  -769993.41022548,\n",
      "         -767579.79610639,  -773113.53786434,  -768946.21872412,\n",
      "         -704489.60428108,  -758506.82289706,  -912614.6176597 ,\n",
      "        -1009337.24509009,  -882788.16701663,  -608606.15309818,\n",
      "         -480129.62663734,  -376755.42054516],\n",
      "       [ -764817.388678  ,  -766881.45865741,  -766193.28884347,\n",
      "         -764681.71231654,  -768946.21872412,  -765129.54397292,\n",
      "         -726143.46593633,  -703323.11432666,  -908440.420042  ,\n",
      "        -1016995.12179051,  -870457.56254368,  -613447.41849305,\n",
      "         -482430.68734146,  -348057.70724522],\n",
      "       [ -706878.98443192,  -708206.9921856 ,  -707613.00486664,\n",
      "         -707568.34598817,  -704489.60428108,  -726143.46593633,\n",
      "         -715952.52986223,  -789047.06991891,  -839244.66346867,\n",
      "         -904514.83529795,  -829481.1361113 ,  -633056.64469688,\n",
      "         -508352.86100903,  -359114.4089719 ],\n",
      "       [ -741322.45219129,  -744982.03047656,  -743666.7321982 ,\n",
      "         -739746.91272654,  -758506.82289706,  -703323.11432666,\n",
      "         -789047.06991891,  -932867.85856983, -1046937.40388602,\n",
      "        -1029295.10100854,  -847380.00038604,  -669209.81188896,\n",
      "         -593776.11830848,  -466665.67463836],\n",
      "       [ -909967.49069958,  -911167.83007165,  -910488.09680586,\n",
      "         -909947.2385711 ,  -912614.6176597 ,  -908440.420042  ,\n",
      "         -839244.66346867, -1046937.40388602,  -785909.81978948,\n",
      "         -868637.73197371,  -956984.29946129,  -766486.94644478,\n",
      "         -734582.57351491,  -706372.50822601],\n",
      "       [-1006129.7588678 , -1009523.19234105, -1007919.72040926,\n",
      "        -1006840.63973641, -1009337.24509009, -1016995.12179051,\n",
      "         -904514.83529795, -1029295.10100854,  -868637.73197371,\n",
      "         -565916.53956821,  -951416.93473397,  -791439.27375523,\n",
      "         -763489.46329016,  -778379.34308876],\n",
      "       [ -878077.60177067,  -878812.76137597,  -878574.150217  ,\n",
      "         -877296.00589014,  -882788.16701663,  -870457.56254368,\n",
      "         -829481.1361113 ,  -847380.00038604,  -956984.29946129,\n",
      "         -951416.93473397, -1081241.21446639,  -960923.79753894,\n",
      "         -737295.26196574,  -713324.31964471],\n",
      "       [ -609821.43534467,  -609091.72374866,  -609544.52310734,\n",
      "         -609530.83430794,  -608606.15309818,  -613447.41849305,\n",
      "         -633056.64469688,  -669209.81188896,  -766486.94644478,\n",
      "         -791439.27375522,  -960923.79753894,  -912650.80906289,\n",
      "         -808536.8935483 ,  -766027.16984342],\n",
      "       [ -482087.04295435,  -480645.58858628,  -481144.00976801,\n",
      "         -481772.60353992,  -480129.62663734,  -482430.68734146,\n",
      "         -508352.86100903,  -593776.11830848,  -734582.57351491,\n",
      "         -763489.46329016,  -737295.26196574,  -808536.8935483 ,\n",
      "         -987632.12825918,  -895980.20593671],\n",
      "       [ -368661.871242  ,  -370338.17545411,  -369226.35559891,\n",
      "         -367962.61627267,  -376755.42054516,  -348057.70724522,\n",
      "         -359114.4089719 ,  -466665.67463836,  -706372.50822601,\n",
      "         -778379.34308876,  -713324.31964471,  -766027.16984342,\n",
      "         -895980.20593671, -1072491.14586578]]), (array([[-8.99016525e+01, -9.23150334e+01, -8.81771851e+01,\n",
      "        -9.49453956e+01, -7.09186480e+01, -1.58861361e+02,\n",
      "        -9.83579770e+01, -2.64297056e+02, -1.09483031e+02,\n",
      "        -3.30812846e+02, -3.11218509e+01,  9.40073925e+01,\n",
      "         1.08636214e+02, -1.64449585e+02],\n",
      "       [-7.82999929e+02, -8.08745619e+02, -7.87072437e+02,\n",
      "        -7.99886407e+02, -7.64919688e+02, -9.20789382e+02,\n",
      "        -6.20544633e+02, -1.65828264e+03, -6.61254985e+02,\n",
      "        -1.76149024e+03, -3.27827889e+02,  4.07762765e+02,\n",
      "         5.93946172e+02, -1.05281813e+03],\n",
      "       [-1.37755762e+04, -1.41047764e+04, -1.39880927e+04,\n",
      "        -1.36871139e+04, -1.50672265e+04, -1.06115861e+04,\n",
      "        -6.75598773e+03, -1.96897022e+04, -5.95675726e+03,\n",
      "        -1.61286278e+04, -4.77818862e+03,  2.53608494e+03,\n",
      "         6.89596962e+03, -8.87993299e+03],\n",
      "       [-1.28216451e+04, -1.32593724e+04, -1.27225233e+04,\n",
      "        -1.28703684e+04, -1.43423107e+04, -6.65814157e+03,\n",
      "        -2.11304654e+04,  1.27715638e+04, -4.55564761e+03,\n",
      "        -2.62573078e+04,  9.15239201e+03,  4.68497546e+03,\n",
      "         1.14444246e+04,  5.48396077e+03],\n",
      "       [ 8.99955520e+04,  9.03217512e+04,  9.01121635e+04,\n",
      "         8.94635593e+04,  9.37952984e+04,  7.81304043e+04,\n",
      "         6.14185737e+04,  7.50887523e+04,  2.84733909e+04,\n",
      "         9.39071255e+04,  3.68176202e+04,  8.14069944e+02,\n",
      "        -2.90488050e+04,  1.65995252e+04],\n",
      "       [-4.52304085e+04, -4.53790066e+04, -4.55245091e+04,\n",
      "        -4.38564895e+04, -5.27833491e+04, -2.37819418e+04,\n",
      "        -3.76910809e+04, -6.48989230e+04, -3.58241004e+04,\n",
      "        -8.99405151e+04, -5.17947043e+04, -1.95878906e+04,\n",
      "        -2.34483371e+03, -2.03963674e+04],\n",
      "       [ 2.50867584e+04,  2.49372615e+04,  2.51053893e+04,\n",
      "         2.27948246e+04,  3.94562176e+04, -2.79831469e+04,\n",
      "        -6.39676750e+03, -5.12719461e+04, -6.42877363e+02,\n",
      "         6.01262629e+04, -2.37719808e+04,  9.01540453e+03,\n",
      "         2.93246886e+04, -2.62756712e+04],\n",
      "       [ 4.21364889e+04,  4.38531171e+04,  4.32971145e+04,\n",
      "         4.20719173e+04,  4.59525247e+04,  4.15146626e+04,\n",
      "         3.60804452e+04,  9.30838170e+04,  1.62536423e+04,\n",
      "        -3.41499457e+04,  9.51269421e+04,  1.25498994e+04,\n",
      "        -4.43932394e+03, -2.08097200e+04],\n",
      "       [-2.18408553e+04, -2.08572299e+04, -2.14483697e+04,\n",
      "        -2.11655975e+04, -2.30870686e+04, -1.50998749e+04,\n",
      "        -2.96338813e+04, -4.06836654e+04,  4.78891219e+04,\n",
      "         2.33927526e+04, -2.85570385e+04,  1.10454211e+04,\n",
      "        -2.44099715e+04,  1.02611525e+05],\n",
      "       [-6.84026802e+04, -7.01728609e+04, -6.93628033e+04,\n",
      "        -6.74052207e+04, -7.79138440e+04, -4.61753297e+04,\n",
      "        -3.81043841e+04, -4.42302230e+04, -8.08323674e+04,\n",
      "        -2.89972214e+04, -3.87656745e+04, -5.46722765e+04,\n",
      "        -3.83586083e+04, -4.27179854e+04],\n",
      "       [ 7.88999673e+04,  7.94185998e+04,  7.93474753e+04,\n",
      "         7.76537475e+04,  8.76342416e+04,  5.11541273e+04,\n",
      "         4.91031733e+04,  5.96203046e+04,  4.98924405e+04,\n",
      "         1.36028332e+04,  3.11329564e+04,  3.28181257e+04,\n",
      "         6.46376081e+04,  8.25295248e+03],\n",
      "       [-2.47923036e+04, -2.49579442e+04, -2.49435081e+04,\n",
      "        -2.43920445e+04, -2.75842231e+04, -1.59457206e+04,\n",
      "        -1.60290182e+04, -1.85820442e+04, -1.42101151e+04,\n",
      "        -2.72834790e+03, -1.36978434e+04, -1.24706215e+04,\n",
      "        -1.79270700e+04, -4.64664827e+02],\n",
      "       [-5.36026724e+04, -5.33963226e+04, -5.36386593e+04,\n",
      "        -5.27890739e+04, -5.82180851e+04, -3.59402626e+04,\n",
      "        -3.65859610e+04, -4.24530696e+04, -2.48322441e+04,\n",
      "        -1.20125423e+04, -1.58548421e+04, -1.39303438e+04,\n",
      "        -4.91168916e+04,  1.03216703e+04],\n",
      "       [ 9.19160294e+04,  9.30985438e+04,  9.26587365e+04,\n",
      "         9.03938031e+04,  1.03069040e+05,  6.16645849e+04,\n",
      "         6.13457781e+04,  7.12260560e+04,  7.51765684e+04,\n",
      "         3.89444472e+04,  5.63248510e+04,  6.01432291e+04,\n",
      "         6.50508704e+04, -1.96449172e+03]]), array([[-8.99016525e+01, -7.82999929e+02, -1.37755762e+04,\n",
      "        -1.28216451e+04,  8.99955520e+04, -4.52304085e+04,\n",
      "         2.50867584e+04,  4.21364889e+04, -2.18408553e+04,\n",
      "        -6.84026802e+04,  7.88999673e+04, -2.47923036e+04,\n",
      "        -5.36026724e+04,  9.19160294e+04],\n",
      "       [-9.23150334e+01, -8.08745619e+02, -1.41047764e+04,\n",
      "        -1.32593724e+04,  9.03217512e+04, -4.53790066e+04,\n",
      "         2.49372615e+04,  4.38531171e+04, -2.08572299e+04,\n",
      "        -7.01728609e+04,  7.94185998e+04, -2.49579442e+04,\n",
      "        -5.33963226e+04,  9.30985438e+04],\n",
      "       [-8.81771851e+01, -7.87072437e+02, -1.39880927e+04,\n",
      "        -1.27225233e+04,  9.01121635e+04, -4.55245091e+04,\n",
      "         2.51053893e+04,  4.32971145e+04, -2.14483697e+04,\n",
      "        -6.93628033e+04,  7.93474753e+04, -2.49435081e+04,\n",
      "        -5.36386593e+04,  9.26587365e+04],\n",
      "       [-9.49453956e+01, -7.99886407e+02, -1.36871139e+04,\n",
      "        -1.28703684e+04,  8.94635593e+04, -4.38564895e+04,\n",
      "         2.27948246e+04,  4.20719173e+04, -2.11655975e+04,\n",
      "        -6.74052207e+04,  7.76537475e+04, -2.43920445e+04,\n",
      "        -5.27890739e+04,  9.03938031e+04],\n",
      "       [-7.09186480e+01, -7.64919688e+02, -1.50672265e+04,\n",
      "        -1.43423107e+04,  9.37952984e+04, -5.27833491e+04,\n",
      "         3.94562176e+04,  4.59525247e+04, -2.30870686e+04,\n",
      "        -7.79138440e+04,  8.76342416e+04, -2.75842231e+04,\n",
      "        -5.82180851e+04,  1.03069040e+05],\n",
      "       [-1.58861361e+02, -9.20789382e+02, -1.06115861e+04,\n",
      "        -6.65814157e+03,  7.81304043e+04, -2.37819418e+04,\n",
      "        -2.79831469e+04,  4.15146626e+04, -1.50998749e+04,\n",
      "        -4.61753297e+04,  5.11541273e+04, -1.59457206e+04,\n",
      "        -3.59402626e+04,  6.16645849e+04],\n",
      "       [-9.83579770e+01, -6.20544633e+02, -6.75598773e+03,\n",
      "        -2.11304654e+04,  6.14185737e+04, -3.76910809e+04,\n",
      "        -6.39676750e+03,  3.60804452e+04, -2.96338813e+04,\n",
      "        -3.81043841e+04,  4.91031733e+04, -1.60290182e+04,\n",
      "        -3.65859610e+04,  6.13457781e+04],\n",
      "       [-2.64297056e+02, -1.65828264e+03, -1.96897022e+04,\n",
      "         1.27715638e+04,  7.50887523e+04, -6.48989230e+04,\n",
      "        -5.12719461e+04,  9.30838170e+04, -4.06836654e+04,\n",
      "        -4.42302230e+04,  5.96203046e+04, -1.85820442e+04,\n",
      "        -4.24530696e+04,  7.12260560e+04],\n",
      "       [-1.09483031e+02, -6.61254985e+02, -5.95675726e+03,\n",
      "        -4.55564761e+03,  2.84733909e+04, -3.58241004e+04,\n",
      "        -6.42877363e+02,  1.62536423e+04,  4.78891219e+04,\n",
      "        -8.08323674e+04,  4.98924405e+04, -1.42101151e+04,\n",
      "        -2.48322441e+04,  7.51765684e+04],\n",
      "       [-3.30812846e+02, -1.76149024e+03, -1.61286278e+04,\n",
      "        -2.62573078e+04,  9.39071255e+04, -8.99405151e+04,\n",
      "         6.01262629e+04, -3.41499457e+04,  2.33927526e+04,\n",
      "        -2.89972214e+04,  1.36028332e+04, -2.72834790e+03,\n",
      "        -1.20125423e+04,  3.89444472e+04],\n",
      "       [-3.11218509e+01, -3.27827889e+02, -4.77818862e+03,\n",
      "         9.15239201e+03,  3.68176202e+04, -5.17947043e+04,\n",
      "        -2.37719808e+04,  9.51269421e+04, -2.85570385e+04,\n",
      "        -3.87656745e+04,  3.11329564e+04, -1.36978434e+04,\n",
      "        -1.58548421e+04,  5.63248510e+04],\n",
      "       [ 9.40073925e+01,  4.07762765e+02,  2.53608494e+03,\n",
      "         4.68497546e+03,  8.14069944e+02, -1.95878906e+04,\n",
      "         9.01540453e+03,  1.25498994e+04,  1.10454211e+04,\n",
      "        -5.46722765e+04,  3.28181257e+04, -1.24706215e+04,\n",
      "        -1.39303438e+04,  6.01432291e+04],\n",
      "       [ 1.08636214e+02,  5.93946172e+02,  6.89596962e+03,\n",
      "         1.14444246e+04, -2.90488050e+04, -2.34483371e+03,\n",
      "         2.93246886e+04, -4.43932394e+03, -2.44099715e+04,\n",
      "        -3.83586083e+04,  6.46376081e+04, -1.79270700e+04,\n",
      "        -4.91168916e+04,  6.50508704e+04],\n",
      "       [-1.64449585e+02, -1.05281813e+03, -8.87993299e+03,\n",
      "         5.48396077e+03,  1.65995252e+04, -2.03963674e+04,\n",
      "        -2.62756712e+04, -2.08097200e+04,  1.02611525e+05,\n",
      "        -4.27179854e+04,  8.25295248e+03, -4.64664827e+02,\n",
      "         1.03216703e+04, -1.96449172e+03]]), array([[-1.19684284e+00, -4.36273080e+00, -1.17015668e+00,\n",
      "        -7.43093721e+01,  1.75323619e+01, -1.20034185e+01,\n",
      "        -5.69610787e+01,  1.53501171e+02,  1.25807190e+02,\n",
      "        -1.66658569e+02,  7.87847439e+00, -1.11052265e+00,\n",
      "         5.53722769e+01,  8.80900042e+01],\n",
      "       [-4.36273080e+00, -2.06728180e+01, -1.03180539e+02,\n",
      "        -3.73000774e+02,  2.16032474e+02, -5.66218880e+01,\n",
      "        -1.59909761e+02,  7.94351557e+02,  5.96761089e+02,\n",
      "        -9.37013301e+02,  1.93190719e+02, -5.70842934e+01,\n",
      "         1.78841664e+02,  5.79447457e+02],\n",
      "       [-1.17015668e+00, -1.03180539e+02, -2.06312884e+03,\n",
      "        -1.31480187e+03,  2.50015527e+03, -1.58956638e+03,\n",
      "         3.90332550e+02,  8.58789648e+03,  4.05157126e+03,\n",
      "        -9.04911590e+03,  3.93632922e+03, -1.28760351e+03,\n",
      "        -1.08015806e+02,  6.81838725e+03],\n",
      "       [-7.43093721e+01, -3.73000774e+02, -1.31480187e+03,\n",
      "         5.80746215e+02, -6.18509645e+03,  2.55221033e+04,\n",
      "        -4.53492475e+04,  5.74498887e+03,  1.51258879e+04,\n",
      "         1.31587186e+04, -1.90102192e+04,  5.99429704e+03,\n",
      "         1.36218385e+04, -2.40114777e+04],\n",
      "       [ 1.75323619e+01,  2.16032474e+02,  2.50015527e+03,\n",
      "        -6.18509645e+03,  4.86092800e+03,  1.06996234e+04,\n",
      "         5.21216922e+04, -5.31652588e+04, -2.08756651e+04,\n",
      "         4.01722686e+04,  1.05357986e+04, -3.27667283e+03,\n",
      "        -2.41855556e+04, -2.14610536e+04],\n",
      "       [-1.20034185e+01, -5.66218880e+01, -1.58956638e+03,\n",
      "         2.55221033e+04,  1.06996234e+04, -4.70834666e+04,\n",
      "         1.48956042e+04,  5.61328022e+04, -3.66675463e+04,\n",
      "        -2.87752946e+04,  2.53629268e+04, -8.23539061e+03,\n",
      "        -1.27238819e+04,  4.26514812e+04],\n",
      "       [-5.69610787e+01, -1.59909761e+02,  3.90332550e+02,\n",
      "        -4.53492475e+04,  5.21216922e+04,  1.48956042e+04,\n",
      "        -3.44784768e+04,  3.21562552e+03,  7.00754888e+04,\n",
      "        -4.71135413e+04, -6.70325927e+03,  2.19566298e+03,\n",
      "         2.10182623e+04,  1.83382780e+04],\n",
      "       [ 1.53501171e+02,  7.94351557e+02,  8.58789648e+03,\n",
      "         5.74498887e+03, -5.31652588e+04,  5.61328022e+04,\n",
      "         3.21562552e+03, -3.43948892e+04,  2.39607442e+03,\n",
      "         4.68623411e+04, -3.11519565e+04,  9.35141719e+03,\n",
      "         1.67775827e+04, -5.76197350e+04],\n",
      "       [ 1.25807190e+02,  5.96761089e+02,  4.05157126e+03,\n",
      "         1.51258879e+04, -2.08756651e+04, -3.66675463e+04,\n",
      "         7.00754888e+04,  2.39607442e+03, -5.13764976e+04,\n",
      "         2.75762253e+04,  2.72124921e+04, -7.43238621e+03,\n",
      "        -3.91427207e+04,  7.28798439e+03],\n",
      "       [-1.66658569e+02, -9.37013301e+02, -9.04911590e+03,\n",
      "         1.31587186e+04,  4.01722686e+04, -2.87752946e+04,\n",
      "        -4.71135413e+04,  4.68623411e+04,  2.75762253e+04,\n",
      "        -4.26631548e+04,  2.47544121e+04, -8.72360229e+03,\n",
      "        -7.34319634e+03,  3.67186638e+04],\n",
      "       [ 7.87847439e+00,  1.93190719e+02,  3.93632922e+03,\n",
      "        -1.90102192e+04,  1.05357986e+04,  2.53629268e+04,\n",
      "        -6.70325927e+03, -3.11519565e+04,  2.72124921e+04,\n",
      "         2.47544121e+04, -2.45042839e+04,  7.26201952e+03,\n",
      "         1.60893464e+04, -4.18466089e+04],\n",
      "       [-1.11052265e+00, -5.70842934e+01, -1.28760351e+03,\n",
      "         5.99429704e+03, -3.27667283e+03, -8.23539061e+03,\n",
      "         2.19566298e+03,  9.35141719e+03, -7.43238621e+03,\n",
      "        -8.72360229e+03,  7.26201952e+03, -2.22007140e+03,\n",
      "        -4.37554883e+03,  1.36074841e+04],\n",
      "       [ 5.53722769e+01,  1.78841664e+02, -1.08015806e+02,\n",
      "         1.36218385e+04, -2.41855556e+04, -1.27238819e+04,\n",
      "         2.10182623e+04,  1.67775827e+04, -3.91427207e+04,\n",
      "        -7.34319634e+03,  1.60893464e+04, -4.37554883e+03,\n",
      "        -1.43252163e+04,  2.72305919e+04],\n",
      "       [ 8.80900042e+01,  5.79447457e+02,  6.81838725e+03,\n",
      "        -2.40114777e+04, -2.14610536e+04,  4.26514812e+04,\n",
      "         1.83382780e+04, -5.76197350e+04,  7.28798439e+03,\n",
      "         3.67186638e+04, -4.18466089e+04,  1.36074841e+04,\n",
      "         2.72305919e+04, -5.10660949e+04]])), (array([[-4.09494369e+01, -4.17965614e+01, -4.46802766e+01,\n",
      "        -4.04191915e+01, -4.96389131e+01, -1.58697024e+01,\n",
      "        -7.89313347e+01, -4.81144851e+01, -4.87084034e+01,\n",
      "        -1.12114753e+02, -1.04006402e+02, -2.17756841e+01,\n",
      "        -4.41797355e+01, -1.51053139e+02, -5.54418692e+01,\n",
      "        -7.47393019e+01,  6.95409313e+01,  7.93607425e+01,\n",
      "        -2.15329554e+01,  4.37497476e+01,  1.66527078e+01,\n",
      "        -6.20737676e+01],\n",
      "       [-3.62311261e+02, -3.68616452e+02, -3.85974865e+02,\n",
      "        -3.56033113e+02, -4.29178900e+02, -1.68367645e+02,\n",
      "        -6.02439946e+02, -3.58436027e+02, -3.60286266e+02,\n",
      "        -8.81362678e+02, -8.12168395e+02, -1.82301382e+02,\n",
      "        -3.68283405e+02, -1.15002075e+03, -4.35946902e+02,\n",
      "        -6.14701167e+02,  4.76986748e+02,  5.58545249e+02,\n",
      "        -1.87550100e+02,  3.38078856e+02,  1.33873227e+02,\n",
      "        -5.31823850e+02],\n",
      "       [-4.05822449e+03, -4.12868471e+03, -4.23860958e+03,\n",
      "        -3.97433673e+03, -4.77927128e+03, -1.90724343e+03,\n",
      "        -5.18000815e+03, -3.26359986e+03, -3.12048568e+03,\n",
      "        -8.08815956e+03, -6.82875317e+03, -1.95198816e+03,\n",
      "        -3.38328885e+03, -9.39625858e+03, -3.80882268e+03,\n",
      "        -5.55313705e+03,  3.20369732e+03,  4.33709203e+03,\n",
      "        -1.64384166e+03,  2.79327451e+03,  1.29600164e+03,\n",
      "        -4.90961226e+03],\n",
      "       [ 1.01859266e+04,  1.02616775e+04,  1.02308573e+04,\n",
      "         1.00205172e+04,  1.14129220e+04,  6.06512520e+03,\n",
      "         3.22208329e+03,  6.54367749e+03,  3.69986627e+03,\n",
      "         1.05120026e+04,  1.31992209e+04,  8.73574834e+02,\n",
      "         3.64084938e+02,  1.24451767e+04,  2.55244805e+03,\n",
      "         7.14761328e+03, -5.07183820e+02, -5.08732822e+03,\n",
      "         3.32250638e+03, -1.74095611e+03, -5.56228104e+03,\n",
      "         4.64467886e+03],\n",
      "       [-1.03322681e+04, -1.03518341e+04, -1.02127702e+04,\n",
      "        -1.02960745e+04, -1.04572106e+04, -1.01715916e+04,\n",
      "        -2.23898772e+03, -2.27451223e+03, -6.96673252e+03,\n",
      "        -8.59823720e+03, -1.36603531e+04,  3.23795937e+03,\n",
      "        -8.68346469e+02, -1.58804751e+04, -7.51295646e+02,\n",
      "        -5.69852153e+03,  3.48779453e+03,  5.33403083e+03,\n",
      "        -6.19082263e+02,  6.30250518e+03,  7.06113014e+03,\n",
      "         2.68120668e+03],\n",
      "       [ 1.18599598e+04,  1.19318482e+04,  1.19463046e+04,\n",
      "         1.17933435e+04,  1.23902917e+04,  1.04575921e+04,\n",
      "         6.80106627e+03,  1.51981330e+02,  8.71767591e+03,\n",
      "         1.15762712e+04,  2.78975022e+03, -3.90527102e+03,\n",
      "         8.14111177e+03,  1.46235866e+04,  2.59273786e+03,\n",
      "         4.33041070e+03, -1.10233460e+04, -4.54098434e+03,\n",
      "        -4.32361383e+03, -1.18908560e+04, -5.46218673e+03,\n",
      "        -4.58874547e+03],\n",
      "       [-9.10835814e+02, -9.35335037e+02, -1.04890395e+03,\n",
      "        -8.54125556e+02, -1.33126426e+03,  3.93309517e+02,\n",
      "         1.93786386e+03,  4.45558617e+03,  4.83281187e+03,\n",
      "        -1.58694829e+03,  1.38646567e+04,  7.89549833e+03,\n",
      "        -1.12976603e+04,  3.84995383e+03,  9.72125426e+02,\n",
      "         1.96543420e+03,  1.63575554e+04,  8.08785874e+02,\n",
      "         7.93772454e+03,  9.23285283e+03,  3.63103061e+03,\n",
      "         8.53519719e+03],\n",
      "       [-7.96872042e+03, -7.96689474e+03, -7.92164295e+03,\n",
      "        -7.88617880e+03, -8.50694731e+03, -5.85760401e+03,\n",
      "        -1.08426220e+04, -1.02449644e+04, -1.05700627e+04,\n",
      "        -1.37031854e+04, -2.08322607e+04, -5.67261258e+03,\n",
      "        -6.18697282e+03, -1.94358293e+04, -9.60993345e+03,\n",
      "        -1.23247328e+04, -1.47414428e+04,  4.32755962e+03,\n",
      "        -1.15306625e+04,  6.10537987e+02,  4.61980346e+01,\n",
      "        -1.23014452e+04],\n",
      "       [ 1.18372803e+04,  1.18739930e+04,  1.19041897e+04,\n",
      "         1.16778459e+04,  1.30492069e+04,  7.23162883e+03,\n",
      "         1.48819920e+04,  1.58974236e+04,  7.00741325e+03,\n",
      "         2.22783359e+04,  2.01977618e+04, -1.30667588e+03,\n",
      "         2.56888764e+04,  1.61768400e+04,  5.47426015e+03,\n",
      "         1.87438619e+04,  1.71211940e+03, -5.83113992e+03,\n",
      "         1.15736982e+04, -1.14697808e+04, -1.95157229e+03,\n",
      "         1.01601207e+04],\n",
      "       [-6.33619765e+03, -6.28910604e+03, -6.01322768e+03,\n",
      "        -6.38863895e+03, -5.76008264e+03, -7.84021127e+03,\n",
      "        -1.24602188e+04, -2.99559279e+03, -1.89092178e+03,\n",
      "        -1.19713429e+04, -3.54596073e+03,  8.69723966e+03,\n",
      "        -1.01890988e+04, -2.39068804e+03,  1.23298066e+03,\n",
      "        -1.32876259e+04,  9.40067400e+03,  5.42107480e+03,\n",
      "        -8.80569727e+03,  1.61259832e+04,  1.35215726e+03,\n",
      "        -4.81811641e+03],\n",
      "       [-1.78494956e+03, -1.91216862e+03, -2.40062295e+03,\n",
      "        -1.44311377e+03, -4.43663486e+03,  6.73966764e+03,\n",
      "         9.78156129e+03, -1.32807967e+04,  3.49549120e+03,\n",
      "         6.62055683e+03, -1.68341843e+04, -3.36241736e+03,\n",
      "        -6.85013799e+03, -1.12702727e+03,  8.85419995e+03,\n",
      "        -5.13776832e+03, -1.14019844e+04, -7.11215254e+01,\n",
      "         4.98824775e+03, -7.46476695e+03, -1.06590678e+03,\n",
      "        -2.00932698e+03],\n",
      "       [ 3.13443376e+03,  3.21659429e+03,  3.58953361e+03,\n",
      "         2.79323276e+03,  5.59125635e+03, -5.05506645e+03,\n",
      "         2.43008362e+03,  1.37645005e+04, -2.68062779e+03,\n",
      "         7.07325920e+03,  2.48245664e+04, -1.06938986e+03,\n",
      "         7.85603072e+03,  3.53626394e+03, -1.24996541e+04,\n",
      "         2.06977252e+04,  8.36771938e+03, -8.60225415e+03,\n",
      "         7.00220224e+03, -2.53855890e+03, -1.59975656e+03,\n",
      "         7.95044986e+03],\n",
      "       [ 2.46655713e+03,  2.46539174e+03,  2.36682613e+03,\n",
      "         2.61903463e+03,  1.38408743e+03,  6.58621869e+03,\n",
      "        -4.46395136e+03, -1.31369836e+03,  6.47052202e+03,\n",
      "        -9.73011590e+03, -4.87176452e+03,  4.14381186e+03,\n",
      "        -1.28867085e+04, -2.95905830e+03,  7.69053334e+02,\n",
      "        -1.77400216e+04,  3.25345071e+03,  8.50010623e+03,\n",
      "        -1.00265914e+04,  7.90724732e+03,  7.25953972e+01,\n",
      "        -9.43183437e+03],\n",
      "       [-1.14604106e+04, -1.15544721e+04, -1.15732054e+04,\n",
      "        -1.13003567e+04, -1.25638100e+04, -8.37087570e+03,\n",
      "        -6.72118535e+02, -1.18551379e+04, -7.89181725e+03,\n",
      "         3.98923835e+03, -1.34021117e+04, -5.79598992e+03,\n",
      "         8.63571378e+03, -1.30897824e+04,  1.31297737e+03,\n",
      "         1.19214929e+03, -2.13106908e+04, -3.94515440e+03,\n",
      "        -2.43636168e+03, -1.20016126e+04,  7.92555893e+03,\n",
      "         1.25334838e+04],\n",
      "       [ 1.78077511e+04,  1.78908840e+04,  1.79300275e+04,\n",
      "         1.75244669e+04,  1.98579868e+04,  1.06337279e+04,\n",
      "         5.91515235e+03,  1.90732241e+04,  3.60646281e+03,\n",
      "         1.08618658e+04,  1.90424000e+04,  7.73304949e+03,\n",
      "         1.64124133e+04,  2.62082902e+04,  9.73738062e+03,\n",
      "         1.70318418e+04,  2.36912232e+04,  6.58059333e+03,\n",
      "         1.53534580e+04,  1.40251305e+04, -9.56319581e+03,\n",
      "        -1.50546546e+03],\n",
      "       [-9.66527780e+03, -9.64306165e+03, -9.89645059e+03,\n",
      "        -9.45909512e+03, -1.10347430e+04, -4.55358685e+03,\n",
      "        -1.83762122e+03, -1.41834232e+04,  8.20102109e+03,\n",
      "        -1.01734704e+04, -8.65363392e+03, -9.18593138e+02,\n",
      "        -2.54294039e+04, -1.02819940e+04, -3.08639570e+03,\n",
      "        -2.06897557e+04, -6.42679929e+03, -7.50683523e+03,\n",
      "        -1.37982807e+04, -3.04072370e+03,  2.87789345e+03,\n",
      "        -8.40983283e+03],\n",
      "       [-1.14542984e+03, -1.12291466e+03, -9.99057601e+02,\n",
      "        -1.21209949e+03, -5.94947713e+02, -3.18009160e+03,\n",
      "         1.84304025e+02,  7.61526030e+02, -1.37320000e+04,\n",
