{
 "cells": [
  {
   "cell_type": "code",
   "execution_count": 2,
   "metadata": {},
   "outputs": [
    {
     "name": "stderr",
     "output_type": "stream",
     "text": [
      "c:\\Users\\farra\\anaconda3\\envs\\eeg_env\\lib\\site-packages\\stingray\\utils.py:54: UserWarning: Numba not installed. Faking it\n",
      "  warnings.warn(\"Numba not installed. Faking it\")\n"
     ]
    }
   ],
   "source": [
    "# Importing necessary library\n",
    "import numpy as np\n",
    "import matplotlib.pyplot as plt\n",
    "import pywt\n",
    "import pandas as pd\n",
    "import os\n",
    "import time\n",
    "from scipy import signal\n",
    "from stingray import lightcurve\n",
    "import sys\n",
    "from stingray import Bispectrum\n",
    "import warnings\n",
    "import csv\n",
    "warnings.filterwarnings('ignore')\n",
    "%matplotlib inline"
   ]
  },
  {
   "cell_type": "code",
   "execution_count": 3,
   "metadata": {},
   "outputs": [],
   "source": [
    "# file that will be skipped because of information loss\n",
    "# zeros_test = ['co2a0000368_91.csv', 'co2c0000341_26.csv']\n",
    "# zeros_train = ['co2a0000368_0.csv', 'co2a0000368_1.csv', 'co2a0000368_2.csv', 'co2a0000368_3.csv', 'co2a0000368_4.csv', 'co2a0000368_5.csv', 'co2c0000341_27.csv']"
   ]
  },
  {
   "attachments": {},
   "cell_type": "markdown",
   "metadata": {},
   "source": [
    "### Menghitung Matriks Cumulant orde ke-3"
   ]
  },
  {
   "cell_type": "code",
   "execution_count": 4,
   "metadata": {},
   "outputs": [],
   "source": [
    "def calcCumulantOrde3(df_data, t, lag):\n",
    "    # Compute the bispectrum of the signal\n",
    "    lc = lightcurve.Lightcurve(t,df_data)\n",
    "    bs = Bispectrum(lc, maxlag=lag)\n",
    "\n",
    "    # Plot the bispectrum using contour plots\n",
    "    # plt.contour(bs.freq, bs.freq, bs.bispec_mag)\n",
    "    # plt.xlabel('f1')\n",
    "    # plt.ylabel('f2')\n",
    "    # plt.show()\n",
    "\n",
    "    # # Plot the bispectrum using mesh plots\n",
    "    # fig = plt.figure()\n",
    "    # ax = fig.add_subplot(111, projection='3d')\n",
    "    # X, Y = np.meshgrid(bs.freq, bs.freq)\n",
    "    # ax.plot_surface(X, Y, bs.bispec_mag)\n",
    "    # ax.set_xlabel('f1')\n",
    "    # ax.set_ylabel('f2')\n",
    "    # ax.set_zlabel('Bispectrum')\n",
    "    # plt.show()\n",
    "\n",
    "    return bs"
   ]
  },
  {
   "attachments": {},
   "cell_type": "markdown",
   "metadata": {},
   "source": [
    "### Melakukan dekomposisi wavelet"
   ]
  },
  {
   "cell_type": "code",
   "execution_count": 5,
   "metadata": {},
   "outputs": [],
   "source": [
    "def calcWaveletDec(bs):\n",
    "    # Select wavelet and decomposition level\n",
    "    wavelet = 'db4'\n",
    "    level = 5\n",
    "\n",
    "    # Deecompose signal\n",
    "    coeffs = pywt.wavedec2(bs.cum3, wavelet, level=level)\n",
    "\n",
    "    # print(coeffs)\n",
    "    # Visualize\n",
    "    \n",
    "    cA5 = coeffs[0][np.triu(np.ones_like(coeffs[0], dtype=bool))]\n",
    "    cD5 = np.ravel([coeffs[1][0], coeffs[1][1], coeffs[1][2]])\n",
    "    cD4 = np.ravel([coeffs[2][0], coeffs[2][1], coeffs[2][2]])\n",
    "    cD3 = np.ravel([coeffs[3][0], coeffs[3][1], coeffs[3][2]])\n",
    "    cD2 = np.ravel([coeffs[4][0], coeffs[4][1], coeffs[4][2]])\n",
    "    cD1 = np.ravel([coeffs[5][0], coeffs[5][1], coeffs[5][2]])\n",
    "    \n",
    "    coeff = [cA5,cD5,cD4,cD3,cD2,cD1]\n",
    "    # fig, axs = plt.subplots(6)\n",
    "    \n",
    "    \n",
    "    # axs[0].plot(cA5)\n",
    "    # axs[0].set_title(f'Approximation - Level 5')\n",
    "    # axs[1].plot(cD5)\n",
    "    # axs[1].set_title(f'Detail - Level 5')\n",
    "    # axs[2].plot(cD4)\n",
    "    # axs[2].set_title(f'Detail - Level 4')\n",
    "    # axs[3].plot(cD3)\n",
    "    # axs[3].set_title(f'Detail - Level 3')\n",
    "    # axs[4].plot(cD2)\n",
    "    # axs[4].set_title(f'Detail - Level 2')\n",
    "    # axs[5].plot(cD1)\n",
    "    # axs[5].set_title(f'Detail - Level 1')\n",
    "    # plt.show()\n",
    "\n",
    "    return coeffs\n"
   ]
  },
  {
   "attachments": {},
   "cell_type": "markdown",
   "metadata": {},
   "source": [
    "### Menghitung energi relatif"
   ]
  },
  {
   "cell_type": "code",
   "execution_count": 6,
   "metadata": {},
   "outputs": [],
   "source": [
    "def calcRelativeEnergy(coeffs, df_data):\n",
    "    # Calculate relative wavelet energy\n",
    "    energies = []\n",
    "    for c in coeffs:\n",
    "        energies.append(np.sum(np.square(c)))\n",
    "\n",
    "    decomp = ['A5', 'D1', 'D2', 'D3', 'D4', 'D5']\n",
    "\n",
    "    energies[1:6] = energies[-1:-6:-1]\n",
    "\n",
    "    total_energy = np.sum(energies)\n",
    "    relative_energies = [(e / total_energy) * 100 for e in energies]\n",
    "\n",
    "    # print(relative_energies)\n",
    "\n",
    "    # plt.plot(decomp, energies)\n",
    "    # plt.xlabel('Dimension Number')\n",
    "    # plt.ylabel('Wavelet Bispectrum Energy')\n",
    "    # plt.show()\n",
    "\n",
    "    # plt.plot(decomp, relative_energies)\n",
    "    # plt.xlabel('Dimension Number')\n",
    "    # plt.ylabel('Relative Wavelet Bispectrum Energy')\n",
    "    # plt.show()\n",
    "\n",
    "    return energies, relative_energies"
   ]
  },
  {
   "attachments": {},
   "cell_type": "markdown",
   "metadata": {},
   "source": [
    "### Persiapan data"
   ]
  },
  {
   "cell_type": "code",
   "execution_count": 7,
   "metadata": {},
   "outputs": [],
   "source": [
    "# Define sampling frequency\n",
    "fs = 256\n",
    "t = np.arange(0, 1, 1/fs)\n",
    "\n",
    "def get_csv_EEG(filename):\n",
    "    # Load data from CSV\n",
    "    df_data = pd.read_csv(filename)\n",
    "    return df_data, df_data.columns\n"
   ]
  },
  {
   "attachments": {},
   "cell_type": "markdown",
   "metadata": {},
   "source": [
    "### Perhitungan RWB"
   ]
  },
  {
   "cell_type": "code",
   "execution_count": 8,
   "metadata": {},
   "outputs": [],
   "source": [
    "def extract_feature(directory, lag, destination):\n",
    "    recap = pd.DataFrame(columns=['Wall Time', 'CPU Time'])\n",
    "    for foldername in os.listdir(directory):\n",
    "        folder = os.path.join(directory, foldername)\n",
    "        if os.path.isdir(folder):\n",
    "            des_dir = os.path.join(destination +\"_\" + str(lag), foldername).lower()\n",
    "            files = os.listdir(folder)\n",
    "            for filename in files:\n",
    "                # print(f\"Extract feature from {filename}...\")\n",
    "                cpu_start = time.process_time()\n",
    "                wt_start = time.time()\n",
    "                # if filename in zeros_train or filename in zeros_test:\n",
    "                #     continue\n",
    "                rel_path = os.path.join(directory, foldername, filename)\n",
    "                # if 'metadata' in filename.lower():\n",
    "                #     continue\n",
    "                # trial_number = filename.split('.')[0].split('_')[1]\n",
    "                df_data, channel_name = get_csv_EEG(rel_path)\n",
    "                des_file = foldername +'_'+ filename + '_bispectrum' +'.npy'\n",
    "                if not os.path.exists(des_dir):\n",
    "                    os.makedirs(des_dir)\n",
    "                des_path = os.path.join(des_dir, des_file)\n",
    "                if os.path.exists(des_path):\n",
    "                    continue\n",
    "                RWB = []\n",
    "                for channel in channel_name:\n",
    "                    y = df_data[channel]; # sinyal per channel\n",
    "                    # N = len(y);\n",
    "                    # z = y - np.mean(y);\n",
    "                    # nsamp = len (y[0])\n",
    "                    energies, relative_energies = calcRelativeEnergy(calcWaveletDec(calcCumulantOrde3(y, t, lag)), y)\n",
    "                    for x in relative_energies:\n",
    "                        RWB.append(x)\n",
    "                RWB = np.array(RWB)\n",
    "                np.save(des_path, RWB)\n",
    "                wt_end = time.time()\n",
    "                cpu_end = time.process_time()\n",
    "                wall_time = wt_end - wt_start\n",
    "                cpu_time = cpu_end - cpu_start\n",
    "                recap_temp = pd.DataFrame([[wall_time, cpu_time]],columns=recap.columns)\n",
    "                recap = pd.concat([recap, recap_temp], ignore_index=True)\n",
    "                # print(f\"CPU Time: {cpu_time}, Wall Time: {wall_time}\")\n",
    "                # pd.DataFrame(RWB.T).to_csv(des_path, index=False)\n",
    "    recap_dir = os.path.join('./logs/Execution',directory.split('/')[1])\n",
    "    if not os.path.exists(recap_dir):\n",
    "        os.makedirs(recap_dir)\n",
    "    recap_path = os.path.join(recap_dir,'recap_rwb'+str(lag)+'.csv')\n",
    "    recap.to_csv(recap_path)\n"
   ]
  },
  {
   "attachments": {},
   "cell_type": "markdown",
   "metadata": {},
   "source": [
    "### Mengecek nilai nol pada data"
   ]
  },
  {
   "cell_type": "code",
   "execution_count": 9,
   "metadata": {},
   "outputs": [],
   "source": [
    "def check_zeros(directory):\n",
    "    contain_zero = []\n",
    "    for foldername in os.listdir(directory):\n",
    "        folder = os.path.join(directory, foldername)\n",
    "        if os.path.isdir(folder):\n",
    "            files = os.listdir(folder)\n",
    "            for filename in files:\n",
    "                rel_path = os.path.join(directory, foldername, filename)\n",
    "                # if 'metadata' in filename.lower():\n",
    "                #     continue\n",
    "                df_data, channel_name = get_csv_EEG(rel_path)\n",
    "                for channel in channel_name:\n",
    "                    if (df_data[channel]== 0).all():\n",
    "                        contain_zero.append(filename)\n",
    "                        break\n",
    "    return contain_zero"
   ]
  },
  {
   "cell_type": "code",
   "execution_count": 10,
   "metadata": {},
   "outputs": [],
   "source": [
    "# check_zeros(os.path.join(directory_segmented, \"autism\"))"
   ]
  },
  {
   "attachments": {},
   "cell_type": "markdown",
   "metadata": {},
   "source": [
    "### Testing"
   ]
  },
  {
   "cell_type": "code",
   "execution_count": 11,
   "metadata": {},
   "outputs": [],
   "source": [
    "def get_dummy(directory, lag):\n",
    "    for foldername in os.listdir(directory):\n",
    "        folder = os.path.join(directory, foldername)\n",
    "        if os.path.isdir(folder):\n",
    "            # des_dir = os.path.join(directory.replace('CSV', 'FEATURE')+\"_\" + str(lag),foldername).lower()\n",
    "            files = os.listdir(folder)\n",
    "            for filename in files:\n",
    "                rel_path = os.path.join(directory, foldername, filename)\n",
    "                # if 'metadata' in filename.lower():\n",
    "                #     continue\n",
    "                # trial_number = filename.split('.')[0].split('_')[1]\n",
    "                print(rel_path)\n",
    "                df_data, channel_name = get_csv_EEG(rel_path)\n",
    "                RWB = []\n",
    "                return df_data[channel_name[0]]\n",
    "                # pd.DataFrame(RWB.T).to_csv(des_path, index=False)\n",
    "        \n"
   ]
  },
  {
   "cell_type": "code",
   "execution_count": 12,
   "metadata": {},
   "outputs": [
    {
     "name": "stdout",
     "output_type": "stream",
     "text": [
      "datasets/segmented_1 seconds/autism\\Bader\\segment_1.csv\n",
      "(257, 257)\n",
      "(257,)\n",
      "[array([[-156662.96042751, -156253.50600977, -156967.69919311,\n",
      "        -151520.1468112 , -182596.39787673,  -74316.8754926 ,\n",
      "         -64901.306805  ,   48646.05021512,  115246.99196845,\n",
      "          57067.27696352,   -8610.91153674,  -21299.74726212,\n",
      "         -13109.45801381,   10444.0373371 ],\n",
      "       [-156253.50600977, -156129.82832001, -156739.4656264 ,\n",
      "        -151043.29843222, -183329.45109955,  -71152.33035585,\n",
      "         -63922.16128157,   46257.62236284,  112744.77279733,\n",
      "          54815.02124987,   -9125.08604814,  -20520.1527523 ,\n",
      "         -12268.96646847,    9737.006924  ],\n",
      "       [-156967.69919311, -156739.4656264 , -157408.04091791,\n",
      "        -151744.29558364, -183813.36584371,  -72309.29859885,\n",
      "         -63893.16288043,   47685.28455731,  113700.4473451 ,\n",
      "          55179.99846436,   -9074.84582528,  -20562.1129522 ,\n",
      "         -12484.09203099,   10161.88104197],\n",
      "       [-151520.1468112 , -151043.29843222, -151744.29558364,\n",
      "        -146616.23509485, -175977.33044011,  -73774.17818816,\n",
      "         -65499.70420958,   48580.60679931,  113002.53340113,\n",
      "          57833.75344343,   -6409.89401827,  -19983.54393619,\n",
      "         -12485.04207348,    9357.17225172],\n",
      "       [-182596.39787673, -183329.45109955, -183813.36584371,\n",
      "        -175977.33044011, -219667.98359074,  -67766.74674495,\n",
      "         -58350.10470874,   38951.73052524,  118670.20681057,\n",
      "          46544.11720348,  -20747.12239853,  -24873.03223243,\n",
      "         -13722.99851464,   14282.68949497],\n",
      "       [ -74316.8754926 ,  -71152.33035585,  -72309.29859885,\n",
      "         -73774.17818816,  -67766.74674495,  -88370.57990171,\n",
      "         -84400.08791311,   83271.84108808,  102933.42920019,\n",
      "          83185.82163669,   26384.62993124,  -11852.43069578,\n",
      "         -10817.87494874,   -6794.3407277 ],\n",
      "       [ -64901.306805  ,  -63922.16128157,  -63893.16288043,\n",
      "         -65499.70420958,  -58350.10470874,  -84400.08791311,\n",
      "        -222686.56256022,  -11132.14447732,  268227.40301881,\n",
      "         240101.91775211,   45179.72747925,  -81890.65760354,\n",
      "         -17689.55091447,   15602.11726887],\n",
      "       [  48646.05021512,   46257.62236284,   47685.28455731,\n",
      "          48580.60679931,   38951.73052524,   83271.84108808,\n",
      "         -11132.14447732, -278669.12143528,  -41694.68974052,\n",
      "         223840.95118374,  230489.2951774 ,    2371.48973049,\n",
      "        -111884.24492259,  -37848.16360017],\n",
      "       [ 115246.99196845,  112744.77279733,  113700.4473451 ,\n",
      "         113002.53340113,  118670.20681057,  102933.42920019,\n",
      "         268227.40301881,  -41694.68974052,  -88845.40421572,\n",
      "         -33967.09220475, -105494.32047205, -105201.79619344,\n",
      "         -70578.66918064,  -18273.73905629],\n",
      "       [  57067.27696352,   54815.02124987,   55179.99846436,\n",
      "          57833.75344343,   46544.11720348,   83185.82163669,\n",
      "         240101.91775211,  223840.95118374,  -33967.09220475,\n",
      "         -35307.34611533, -180504.21313909, -253862.88505762,\n",
      "        -169555.64431173,  -22054.83696244],\n",
      "       [  -8610.91153674,   -9125.08604814,   -9074.84582528,\n",
      "          -6409.89401827,  -20747.12239853,   26384.62993124,\n",
      "          45179.72747925,  230489.2951774 , -105494.32047205,\n",
      "        -180504.21313909,  -16042.1347321 ,   71651.68589839,\n",
      "          12577.34760232,  -60427.08029943],\n",
      "       [ -21299.74726212,  -20520.1527523 ,  -20562.1129522 ,\n",
      "         -19983.54393619,  -24873.03223243,  -11852.43069578,\n",
      "         -81890.65760354,    2371.48973049, -105201.79619344,\n",
      "        -253862.88505762,   71651.68589839,  338037.03153382,\n",
      "         171906.02214196,   31305.51768777],\n",
      "       [ -13109.45801381,  -12268.96646847,  -12484.09203099,\n",
      "         -12485.04207348,  -13722.99851464,  -10817.87494874,\n",
      "         -17689.55091447, -111884.24492259,  -70578.66918064,\n",
      "        -169555.64431173,   12577.34760232,  171906.02214196,\n",
      "         172143.00526065,   97360.48917587],\n",
      "       [  10444.0373371 ,    9737.006924  ,   10161.88104197,\n",
      "           9357.17225172,   14282.68949497,   -6794.3407277 ,\n",
      "          15602.11726887,  -37848.16360017,  -18273.73905629,\n",
      "         -22054.83696244,  -60427.08029943,   31305.51768777,\n",
      "          97360.48917587,   38496.50068643]]), (array([[ 2.75856294e+02,  2.52939948e+02,  2.65797929e+02,\n",
      "         2.67492679e+02,  2.49594758e+02,  2.89889343e+02,\n",
      "         2.90473288e+01, -2.67450062e+02, -2.01127504e+02,\n",
      "        -9.68125793e+01, -5.34085509e+00,  3.86850486e+01,\n",
      "         5.40123367e+01, -8.01169602e+01],\n",
      "       [ 8.47141408e+02,  7.15080720e+02,  7.77030678e+02,\n",
      "         8.41492816e+02,  4.97526190e+02,  1.55640799e+03,\n",
      "         3.46319149e+02, -1.41170095e+03, -1.09536243e+03,\n",
      "        -6.90440846e+02, -1.99739570e+02,  1.48523247e+02,\n",
      "         2.86815902e+02, -3.76636081e+02],\n",
      "       [-1.50948001e+03, -2.99077303e+03, -2.53480277e+03,\n",
      "        -9.27596849e+02, -8.53299569e+03,  1.61688061e+04,\n",
      "         6.94359995e+03, -1.13050723e+04, -1.18992369e+04,\n",
      "        -1.21403163e+04, -4.12835947e+03,  3.11974001e+03,\n",
      "         3.81967065e+03, -2.56228217e+03],\n",
      "       [ 9.78697137e+04,  9.78954997e+04,  9.83500479e+04,\n",
      "         9.40266503e+04,  1.19412215e+05,  2.66032537e+04,\n",
      "        -7.44603908e+02, -9.72212837e+03, -5.65350632e+04,\n",
      "         4.12279363e+03,  3.89533411e+04,  2.79207871e+04,\n",
      "         1.50945148e+04, -2.22780494e+04],\n",
      "       [ 1.03705610e+04,  1.42801154e+04,  1.29662971e+04,\n",
      "         1.00137305e+04,  2.33911924e+04, -2.06266146e+04,\n",
      "         8.34036595e+03, -5.01432569e+04, -1.10871159e+04,\n",
      "         3.31531615e+04,  3.08550384e+04,  1.19196192e+04,\n",
      "        -5.33012283e+03,  9.10712123e+03],\n",
      "       [-7.86208932e+04, -7.84873571e+04, -7.92219540e+04,\n",
      "        -7.64218694e+04, -9.06990360e+04, -3.51610560e+04,\n",
      "         1.40369608e+04,  4.58200445e+04,  7.79599595e+04,\n",
      "        -4.89199931e+03, -1.96843909e+04, -6.40818194e+04,\n",
      "        -4.76699064e+04, -4.38902182e+04],\n",
      "       [ 2.47509478e+04,  2.32801590e+04,  2.37398544e+04,\n",
      "         2.39520378e+04,  2.33477246e+04,  2.90893387e+04,\n",
      "        -3.30284396e+04,  3.41346243e+04,  3.20419683e+04,\n",
      "         4.17823016e+04,  1.54861397e+04, -3.25676259e+04,\n",
      "        -6.45996192e+04, -1.09809443e+04],\n",
      "       [ 1.53048151e+02,  2.08098420e+03,  1.61860656e+03,\n",
      "         2.41312739e+02,  4.38416701e+03, -7.64519198e+03,\n",
      "        -1.08365546e+04, -2.48043616e+04, -6.27822972e+04,\n",
      "        -2.65176730e+04, -2.91029965e+04,  1.76651709e+04,\n",
      "         6.80498652e+04,  1.08763994e+05],\n",
      "       [-4.41566319e+04, -4.50142419e+04, -4.50363056e+04,\n",
      "        -4.25710344e+04, -5.44579370e+04, -1.55805461e+04,\n",
      "         8.66703778e+03, -3.89488844e+03,  4.78208983e+04,\n",
      "        -5.21148611e+04, -8.04925835e+04, -1.06058218e+04,\n",
      "         5.37221216e+04,  4.05381513e+04],\n",
      "       [ 3.12026834e+04,  2.97830945e+04,  3.04498814e+04,\n",
      "         3.05092497e+04,  3.04688545e+04,  3.10123725e+04,\n",
      "         6.79169874e+03,  6.82376700e+03, -2.12550873e+04,\n",
      "         2.67025323e+04,  6.22136205e+04,  1.36366596e+04,\n",
      "        -4.89354040e+04, -7.16779458e+04],\n",
      "       [ 1.69542497e+04,  1.80492748e+04,  1.78433240e+04,\n",
      "         1.59645462e+04,  2.55147969e+04, -8.06964783e+03,\n",
      "         2.21234525e+02,  6.29560343e+03, -1.12146828e+04,\n",
      "        -6.09652085e+03, -9.77594054e+03,  2.14239174e+04,\n",
      "         2.13821051e+04,  3.56331984e+03],\n",
      "       [-5.94332617e+03, -6.28434583e+03, -6.21408698e+03,\n",
      "        -5.61630659e+03, -8.68829238e+03,  2.03524071e+03,\n",
      "        -3.49563766e+03, -2.72997338e+03,  2.88667301e+03,\n",
      "        -1.05306202e+03,  5.86799925e+03,  8.61428844e+02,\n",
      "        -4.63638678e+03, -1.36526540e+03],\n",
      "       [-2.63463542e+04, -2.68310412e+04, -2.68871854e+04,\n",
      "        -2.51636251e+04, -3.40562385e+04, -2.77325874e+03,\n",
      "        -1.00595473e+03, -5.66375323e+03,  1.54193419e+04,\n",
      "        -4.96306769e+03, -1.12824049e+04, -2.68382621e+04,\n",
      "        -3.11312267e+03,  2.00428562e+04],\n",
      "       [-6.63718958e+03, -4.86164268e+03, -5.48287413e+03,\n",
      "        -6.89412201e+03, -1.89721088e+01, -2.38318842e+04,\n",
      "        -4.60780857e+03,  2.57683052e+03,  4.44129065e+03,\n",
      "        -4.85458635e+02, -3.88379220e+04, -1.43025750e+04,\n",
      "         2.43617618e+04,  5.06043303e+04]]), array([[ 2.75856294e+02,  8.47141408e+02, -1.50948001e+03,\n",
      "         9.78697137e+04,  1.03705610e+04, -7.86208932e+04,\n",
      "         2.47509478e+04,  1.53048151e+02, -4.41566319e+04,\n",
      "         3.12026834e+04,  1.69542497e+04, -5.94332617e+03,\n",
      "        -2.63463542e+04, -6.63718958e+03],\n",
      "       [ 2.52939948e+02,  7.15080720e+02, -2.99077303e+03,\n",
      "         9.78954997e+04,  1.42801154e+04, -7.84873571e+04,\n",
      "         2.32801590e+04,  2.08098420e+03, -4.50142419e+04,\n",
      "         2.97830945e+04,  1.80492748e+04, -6.28434583e+03,\n",
      "        -2.68310412e+04, -4.86164268e+03],\n",
      "       [ 2.65797929e+02,  7.77030678e+02, -2.53480277e+03,\n",
      "         9.83500479e+04,  1.29662971e+04, -7.92219540e+04,\n",
      "         2.37398544e+04,  1.61860656e+03, -4.50363056e+04,\n",
      "         3.04498814e+04,  1.78433240e+04, -6.21408698e+03,\n",
      "        -2.68871854e+04, -5.48287413e+03],\n",
      "       [ 2.67492679e+02,  8.41492816e+02, -9.27596849e+02,\n",
      "         9.40266503e+04,  1.00137305e+04, -7.64218694e+04,\n",
      "         2.39520378e+04,  2.41312739e+02, -4.25710344e+04,\n",
      "         3.05092497e+04,  1.59645462e+04, -5.61630659e+03,\n",
      "        -2.51636251e+04, -6.89412201e+03],\n",
      "       [ 2.49594758e+02,  4.97526190e+02, -8.53299569e+03,\n",
      "         1.19412215e+05,  2.33911924e+04, -9.06990360e+04,\n",
      "         2.33477246e+04,  4.38416701e+03, -5.44579370e+04,\n",
      "         3.04688545e+04,  2.55147969e+04, -8.68829238e+03,\n",
      "        -3.40562385e+04, -1.89721088e+01],\n",
      "       [ 2.89889343e+02,  1.55640799e+03,  1.61688061e+04,\n",
      "         2.66032537e+04, -2.06266146e+04, -3.51610560e+04,\n",
      "         2.90893387e+04, -7.64519198e+03, -1.55805461e+04,\n",
      "         3.10123725e+04, -8.06964783e+03,  2.03524071e+03,\n",
      "        -2.77325874e+03, -2.38318842e+04],\n",
      "       [ 2.90473288e+01,  3.46319149e+02,  6.94359995e+03,\n",
      "        -7.44603908e+02,  8.34036595e+03,  1.40369608e+04,\n",
      "        -3.30284396e+04, -1.08365546e+04,  8.66703778e+03,\n",
      "         6.79169874e+03,  2.21234525e+02, -3.49563766e+03,\n",
      "        -1.00595473e+03, -4.60780857e+03],\n",
      "       [-2.67450062e+02, -1.41170095e+03, -1.13050723e+04,\n",
      "        -9.72212837e+03, -5.01432569e+04,  4.58200445e+04,\n",
      "         3.41346243e+04, -2.48043616e+04, -3.89488844e+03,\n",
      "         6.82376700e+03,  6.29560343e+03, -2.72997338e+03,\n",
      "        -5.66375323e+03,  2.57683052e+03],\n",
      "       [-2.01127504e+02, -1.09536243e+03, -1.18992369e+04,\n",
      "        -5.65350632e+04, -1.10871159e+04,  7.79599595e+04,\n",
      "         3.20419683e+04, -6.27822972e+04,  4.78208983e+04,\n",
      "        -2.12550873e+04, -1.12146828e+04,  2.88667301e+03,\n",
      "         1.54193419e+04,  4.44129065e+03],\n",
      "       [-9.68125793e+01, -6.90440846e+02, -1.21403163e+04,\n",
      "         4.12279363e+03,  3.31531615e+04, -4.89199931e+03,\n",
      "         4.17823016e+04, -2.65176730e+04, -5.21148611e+04,\n",
      "         2.67025323e+04, -6.09652085e+03, -1.05306202e+03,\n",
      "        -4.96306769e+03, -4.85458635e+02],\n",
      "       [-5.34085509e+00, -1.99739570e+02, -4.12835947e+03,\n",
      "         3.89533411e+04,  3.08550384e+04, -1.96843909e+04,\n",
      "         1.54861397e+04, -2.91029965e+04, -8.04925835e+04,\n",
      "         6.22136205e+04, -9.77594054e+03,  5.86799925e+03,\n",
      "        -1.12824049e+04, -3.88379220e+04],\n",
      "       [ 3.86850486e+01,  1.48523247e+02,  3.11974001e+03,\n",
      "         2.79207871e+04,  1.19196192e+04, -6.40818194e+04,\n",
      "        -3.25676259e+04,  1.76651709e+04, -1.06058218e+04,\n",
      "         1.36366596e+04,  2.14239174e+04,  8.61428844e+02,\n",
      "        -2.68382621e+04, -1.43025750e+04],\n",
      "       [ 5.40123367e+01,  2.86815902e+02,  3.81967065e+03,\n",
      "         1.50945148e+04, -5.33012283e+03, -4.76699064e+04,\n",
      "        -6.45996192e+04,  6.80498652e+04,  5.37221216e+04,\n",
      "        -4.89354040e+04,  2.13821051e+04, -4.63638678e+03,\n",
      "        -3.11312267e+03,  2.43617618e+04],\n",
      "       [-8.01169602e+01, -3.76636081e+02, -2.56228217e+03,\n",
      "        -2.22780494e+04,  9.10712123e+03, -4.38902182e+04,\n",
      "        -1.09809443e+04,  1.08763994e+05,  4.05381513e+04,\n",
      "        -7.16779458e+04,  3.56331984e+03, -1.36526540e+03,\n",
      "         2.00428562e+04,  5.06043303e+04]]), array([[-4.55905638e+00, -1.79031259e+01, -8.60691676e+01,\n",
      "        -1.52498152e+02,  3.14053560e+02,  1.30935494e+02,\n",
      "        -1.24178085e+02,  1.49424384e+02, -1.03099805e+01,\n",
      "        -1.54181918e+02,  4.42916695e+01, -1.42194503e+01,\n",
      "         1.46761159e+01,  1.47836453e+02],\n",
      "       [-1.79031259e+01, -8.15136079e+01, -5.98859138e+02,\n",
      "        -4.08363491e+02,  1.83664214e+03,  4.74883923e+02,\n",
      "        -7.61006822e+02,  7.90681783e+02, -1.51911791e+02,\n",
      "        -7.98975559e+02,  3.77593878e+02, -1.21792544e+02,\n",
      "        -5.87386827e+01,  8.41148453e+02],\n",
      "       [-8.60691676e+01, -5.98859138e+02, -8.21808548e+03,\n",
      "         2.86705870e+03,  2.09198914e+04, -1.70336690e+03,\n",
      "        -8.58357254e+03,  9.80965236e+03, -5.07459320e+03,\n",
      "        -6.90522552e+03,  6.49811418e+03, -2.03750457e+03,\n",
      "        -3.45606520e+03,  9.31788229e+03],\n",
      "       [-1.52498152e+02, -4.08363491e+02,  2.86705870e+03,\n",
      "        -7.14891354e+04,  1.43789496e+04,  3.84014125e+04,\n",
      "        -2.86601713e+04,  1.03205684e+04,  2.76104735e+04,\n",
      "        -2.02123101e+04, -1.26277027e+04,  4.26905136e+03,\n",
      "         1.93348977e+04,  3.73392192e+03],\n",
      "       [ 3.14053560e+02,  1.83664214e+03,  2.09198914e+04,\n",
      "         1.43789496e+04, -3.75095250e+04, -1.25571066e+04,\n",
      "        -3.07998646e+04, -4.36077190e+04,  3.28265215e+04,\n",
      "         2.58469889e+03, -9.65618725e+03,  3.29684137e+03,\n",
      "         7.52145614e+03, -1.46214477e+04],\n",
      "       [ 1.30935494e+02,  4.74883923e+02, -1.70336690e+03,\n",
      "         3.84014125e+04, -1.25571066e+04,  4.23906504e+04,\n",
      "        -2.72176049e+02, -5.94979924e+04, -5.99572735e+03,\n",
      "         1.76273309e+04, -2.21413820e+03, -3.35817489e+02,\n",
      "        -2.45077999e+03, -1.58054915e+04],\n",
      "       [-1.24178085e+02, -7.61006822e+02, -8.58357254e+03,\n",
      "        -2.86601713e+04, -3.07998646e+04, -2.72176049e+02,\n",
      "         6.76127117e+04,  4.17879285e+04, -4.52394830e+04,\n",
      "         1.62970317e+04,  8.23730262e+03, -2.63901928e+03,\n",
      "        -1.37406344e+04,  5.61554668e+03],\n",
      "       [ 1.49424384e+02,  7.90681783e+02,  9.80965236e+03,\n",
      "         1.03205684e+04, -4.36077190e+04, -5.94979924e+04,\n",
      "         4.17879285e+04,  3.40957455e+04, -1.73943425e+04,\n",
      "         1.52328740e+04,  5.51421371e+03, -2.29241105e+03,\n",
      "        -1.11006365e+04, -4.16569923e+03],\n",
      "       [-1.03099805e+01, -1.51911791e+02, -5.07459320e+03,\n",
      "         2.76104735e+04,  3.28265215e+04, -5.99572735e+03,\n",
      "        -4.52394830e+04, -1.73943425e+04,  2.19370981e+04,\n",
      "        -8.32123267e+03,  1.09824645e+04, -4.08583375e+03,\n",
      "        -7.70225776e+03,  2.19578826e+03],\n",
      "       [-1.54181918e+02, -7.98975559e+02, -6.90522552e+03,\n",
      "        -2.02123101e+04,  2.58469889e+03,  1.76273309e+04,\n",
      "         1.62970317e+04,  1.52328740e+04, -8.32123267e+03,\n",
      "         1.76288538e+03, -5.35651469e+03,  2.50592262e+03,\n",
      "         5.22822412e+03, -1.33951014e+03],\n",
      "       [ 4.42916695e+01,  3.77593878e+02,  6.49811418e+03,\n",
      "        -1.26277027e+04, -9.65618725e+03, -2.21413820e+03,\n",
      "         8.23730262e+03,  5.51421371e+03,  1.09824645e+04,\n",
      "        -5.35651469e+03, -9.33858320e+03,  3.52235997e+03,\n",
      "         9.57020829e+03, -1.70933458e+03],\n",
      "       [-1.42194503e+01, -1.21792544e+02, -2.03750457e+03,\n",
      "         4.26905136e+03,  3.29684137e+03, -3.35817489e+02,\n",
      "        -2.63901928e+03, -2.29241105e+03, -4.08583375e+03,\n",
      "         2.50592262e+03,  3.52235997e+03, -1.09770692e+03,\n",
      "        -3.92516240e+03,  1.95304549e+01],\n",
      "       [ 1.46761159e+01, -5.87386827e+01, -3.45606520e+03,\n",
      "         1.93348977e+04,  7.52145614e+03, -2.45077999e+03,\n",
      "        -1.37406344e+04, -1.11006365e+04, -7.70225776e+03,\n",
      "         5.22822412e+03,  9.57020829e+03, -3.92516240e+03,\n",
      "        -9.91218911e+03,  9.50763956e+02],\n",
      "       [ 1.47836453e+02,  8.41148453e+02,  9.31788229e+03,\n",
      "         3.73392192e+03, -1.46214477e+04, -1.58054915e+04,\n",
      "         5.61554668e+03, -4.16569923e+03,  2.19578826e+03,\n",
      "        -1.33951014e+03, -1.70933458e+03,  1.95304549e+01,\n",
      "         9.50763956e+02,  1.81239651e+03]])), (array([[ 4.48637877e+01,  4.35288484e+01,  3.33426350e+01,\n",
      "         4.97009485e+01,  5.01662782e+00,  1.77599697e+02,\n",
      "         7.23603338e+01, -9.63876748e+01,  3.01549564e+01,\n",
      "        -2.04240352e+02, -9.95755448e+01, -3.58412482e+01,\n",
      "        -8.64608154e+01, -6.51740778e+01,  3.37051429e+01,\n",
      "        -1.82854939e+01, -7.16071680e+00,  6.17030934e+01,\n",
      "        -4.19795716e+01,  7.86581343e+00,  2.79010525e+01,\n",
      "        -2.86224258e+01],\n",
      "       [ 2.05552075e+02,  1.93102184e+02,  1.30349108e+02,\n",
      "         2.43650085e+02, -9.68624737e+01,  1.21211699e+03,\n",
      "         5.98236010e+02, -6.52980035e+02,  4.44254090e+02,\n",
      "        -1.37710236e+03, -6.52906791e+02, -2.15572230e+02,\n",
      "        -7.14690314e+02, -6.14334073e+02,  1.33120461e+02,\n",
      "        -2.31740306e+02, -1.00856954e+02,  4.83324562e+02,\n",
      "        -2.87745731e+02,  6.26789927e+01,  2.43261079e+02,\n",
      "        -2.18472112e+02],\n",
      "       [ 5.22075425e+02,  3.89947027e+02, -1.00720633e+01,\n",
      "         8.57187209e+02, -2.05904386e+03,  9.04666769e+03,\n",
      "         5.71972766e+03, -4.87656707e+03,  5.35177732e+03,\n",
      "        -1.00677374e+04, -4.88027477e+03, -1.47665489e+03,\n",
      "        -6.73671887e+03, -5.69469014e+03,  3.15130590e+02,\n",
      "        -2.33611100e+03, -9.73082432e+02,  4.13895351e+03,\n",
      "        -2.01630396e+03,  4.59553881e+02,  2.33273605e+03,\n",
      "        -1.99649518e+03],\n",
      "       [ 3.54926591e+03,  3.80873479e+03,  4.21103903e+03,\n",
      "         2.90123143e+03,  8.49078162e+03, -1.31116973e+04,\n",
      "        -1.73558120e+04,  8.49882441e+03, -1.47977074e+04,\n",
      "         7.37074913e+03,  1.23084597e+04, -3.18105647e+03,\n",
      "         1.40080310e+04,  1.29565792e+04,  2.70980403e+02,\n",
      "         2.70163677e+03,  4.55240231e+03, -7.89046897e+03,\n",
      "         1.06627350e+03,  1.55378940e+03, -5.88331725e+03,\n",
      "         1.30311457e+03],\n",
      "       [-3.46842755e+03, -3.55433552e+03, -4.13131712e+03,\n",
      "        -2.83784511e+03, -8.00149813e+03,  1.26672739e+04,\n",
      "         1.43060528e+04, -1.10505825e+04,  1.20749776e+04,\n",
      "        -2.13884878e+03, -1.07569609e+04, -6.76128196e+02,\n",
      "        -1.39344278e+04, -2.27819296e+04,  7.54219854e+01,\n",
      "         2.84227250e+01, -4.05273533e+03,  1.22637020e+04,\n",
      "         3.85605743e+03,  4.08458886e+02,  6.32483976e+03,\n",
      "        -2.60665333e+03],\n",
      "       [-9.90019002e+03, -9.76243392e+03, -8.90885316e+03,\n",
      "        -1.03855504e+04, -6.13622422e+03, -2.28741860e+04,\n",
      "        -5.38070502e+03,  5.07267358e+03, -1.29691132e+04,\n",
      "         6.81406280e+03,  6.14342775e+03,  1.00469474e+04,\n",
      "         2.36607077e+04,  2.61013792e+04, -4.34234507e+03,\n",
      "        -5.24247280e+03, -8.32319722e+03, -2.18144903e+04,\n",
      "        -9.84660737e+03, -7.42736452e+03, -6.16825037e+03,\n",
      "         7.11129461e+03],\n",
      "       [ 2.07520972e+04,  2.07172951e+04,  2.01262715e+04,\n",
      "         2.09730185e+04,  1.91475983e+04,  2.59977476e+04,\n",
      "         3.29956391e+02,  6.96193895e+02,  1.13401183e+04,\n",
      "        -9.85208249e+03, -1.53726276e+04, -1.13432466e+04,\n",
      "        -3.03277709e+04, -2.01354065e+04,  1.25062032e+04,\n",
      "         3.70214461e+03,  2.03094333e+04,  2.74143796e+04,\n",
      "         9.54667604e+03,  1.09829985e+04,  5.92977705e+03,\n",
      "        -6.17139635e+03],\n",
      "       [-2.69148076e+04, -2.70385594e+04, -2.70285822e+04,\n",
      "        -2.65790032e+04, -2.93833345e+04, -1.82330670e+04,\n",
      "         8.40356963e+03, -1.04146247e+04, -6.48689763e+03,\n",
      "         6.63799886e+03,  1.61841396e+04,  5.86814815e+03,\n",
      "         2.43540680e+04,  9.99034229e+03, -1.23152081e+04,\n",
      "         4.36270856e+03, -2.62357426e+04, -2.20887876e+04,\n",
      "        -7.20099000e+03, -1.38164220e+04, -1.42224956e+03,\n",
      "        -3.64929852e+03],\n",
      "       [ 1.67506770e+04,  1.69095907e+04,  1.70718110e+04,\n",
      "         1.62532079e+04,  2.03456344e+04,  4.37391875e+03,\n",
      "        -1.03581710e+04,  1.38179899e+04,  1.56638747e+03,\n",
      "        -9.96318619e+03, -3.28592085e+03, -3.99331998e+03,\n",
      "        -9.88239372e+03, -1.11867259e+03, -6.85336589e+03,\n",
      "        -7.05240081e+03,  2.23827857e+04,  1.36350105e+04,\n",
      "         7.86196555e+03,  1.48404755e+04,  1.61836492e+02,\n",
      "         1.76463783e+03],\n",
      "       [-2.41207250e+03, -2.47756915e+03, -2.82767985e+03,\n",
      "        -2.15773561e+03, -4.16524273e+03,  3.11629492e+03,\n",
      "         9.93047195e+03, -7.73498997e+03, -2.34175933e+03,\n",
      "         2.40047092e+04, -7.54607930e+03, -6.38405582e+03,\n",
      "         7.51081800e+02, -2.28377493e+04,  1.75438528e+04,\n",
      "         3.51350339e+03, -1.76272863e+04, -1.17245313e+03,\n",
      "         1.27092937e+03, -3.52864777e+03,  6.82735181e+03,\n",
      "         8.16587421e+03],\n",
      "       [-5.24334633e+03, -5.13993599e+03, -4.96183328e+03,\n",
      "        -5.31040737e+03, -4.79010297e+03, -5.53250451e+03,\n",
      "        -5.59802598e+03, -7.94063019e+02, -3.73605417e+03,\n",
      "        -2.01869746e+04,  8.18747417e+03,  1.40679792e+04,\n",
      "         1.55360729e+04,  3.55081824e+04, -1.64432769e+03,\n",
      "         2.54297340e+03,  7.09239482e+03, -1.05693210e+04,\n",
      "        -1.60072649e+04, -1.51878537e+04, -2.32114342e+04,\n",
      "        -1.88981134e+04],\n",
      "       [-2.89132881e+03, -2.90965695e+03, -2.88142239e+03,\n",
      "        -2.94738402e+03, -2.34615653e+03, -5.72770297e+03,\n",
      "         6.12675009e+03, -3.56017532e+03,  7.68292302e+03,\n",
      "         1.32829989e+04, -1.19441420e+04, -7.17610409e+02,\n",
      "        -2.43362411e+04, -2.68620933e+04, -1.10614032e+04,\n",
      "        -1.48620144e+04,  3.90741560e+02,  7.44263951e+03,\n",
      "         1.65050064e+04,  2.06890461e+04,  3.03074289e+04,\n",
      "         1.58917378e+04],\n",
      "       [ 2.82753972e+03,  2.88814016e+03,  2.80726724e+03,\n",
      "         2.94251635e+03,  2.14905099e+03,  5.95724958e+03,\n",
      "        -4.68446425e+03,  5.19129783e+03, -5.53675667e+03,\n",
      "        -2.13669760e+02,  1.53886312e+04, -1.18666855e+04,\n",
      "         1.78108654e+04,  1.21999109e+04,  3.12785444e+03,\n",
      "         1.73637909e+04, -7.56989133e+03, -3.34910600e+03,\n",
      "        -2.81759178e+03, -1.20936001e+04, -1.84153863e+04,\n",
      "        -1.15493826e+04],\n",
      "       [-1.35590487e+03, -1.48792641e+03, -1.63735095e+03,\n",
      "        -1.08325194e+03, -3.36382214e+03,  4.76637717e+03,\n",
      "         6.99597178e+03, -2.74703700e+03,  7.08237865e+03,\n",
      "        -8.98554900e+03, -9.02739858e+03,  9.10221171e+03,\n",
      "        -1.12566908e+04, -1.05828616e+04, -8.32521262e+03,\n",
      "        -8.29252851e+03,  9.24562958e+03,  1.00990518e+04,\n",
      "         1.60249999e+03,  2.37489574e+03,  7.85003641e+03,\n",
      "        -2.78637069e+03],\n",
      "       [-3.87646503e+03, -3.77407988e+03, -3.61756389e+03,\n",
      "        -4.21968473e+03, -1.23430486e+03, -1.33228957e+04,\n",
      "        -3.05194242e+03, -3.38287260e+03, -1.35917678e+04,\n",
      "         1.38923898e+04, -1.93050964e+03, -1.02654230e+03,\n",
      "         1.35863469e+04, -4.74664714e+03,  1.12086304e+04,\n",
      "        -7.57828841e+03, -1.74922942e+04, -1.22978260e+04,\n",
      "        -5.71240427e+03,  6.34044639e+03,  1.03599011e+04,\n",
      "         1.67518551e+04],\n",
      "       [ 5.81463748e+03,  5.82881906e+03,  5.52851040e+03,\n",
      "         6.01939635e+03,  4.28271785e+03,  1.20023131e+04,\n",
      "         3.76154911e+03,  2.76226083e+03,  7.66059814e+03,\n",
      "        -3.97866494e+03, -4.71097163e+03, -5.10612556e+03,\n",
      "        -1.05676566e+04,  8.39291271e+03,  7.54608304e+03,\n",
      "         1.64822513e+04,  2.24690201e+04,  1.74253655e+04,\n",
      "         1.06571604e+04, -8.99223701e+03, -2.14204162e+04,\n",
      "        -2.92379026e+04],\n",
      "       [-4.93216597e+03, -4.92808890e+03, -4.86122047e+03,\n",
      "        -4.92256056e+03, -4.92027819e+03, -5.20795668e+03,\n",
      "        -7.28304919e+02,  3.22080442e+03,  3.24083609e+03,\n",
      "         1.51914384e+03,  9.43748701e+03,  5.97770931e+03,\n",
      "         8.42610496e+03, -3.32456396e+03, -1.33774963e+04,\n",
      "        -1.47920833e+04, -1.96033126e+04, -2.38321781e+04,\n",
      "        -1.32892397e+04, -1.15304121e+03,  1.37548812e+04,\n",
      "         1.89500590e+04],\n",
      "       [ 3.24453460e+03,  3.31336062e+03,  3.52187286e+03,\n",
      "         3.03957762e+03,  4.88237919e+03, -2.66925693e+03,\n",
      "         5.93549793e+02, -6.00294427e+02, -5.33969527e+03,\n",
      "         2.11674516e+03, -7.03764096e+03, -3.51001837e+03,\n",
      "        -1.04329074e+04, -1.94291466e+03,  7.77909828e+02,\n",
      "         4.74583210e+03,  1.11772535e+04,  1.34135584e+04,\n",
